11512004
11511992
11502933
11502881
11502753
11502680
11502670
11500352
11500181
11500173
11500171
11500168
11500097
11496748
11496682
11496677
11496675
11496629
11496546
11494170
11494143
11494105
11491468
11490551
11490492
11489768
11489752
11489718
11487282
11487169
11487165
11487130
11487085
11486966
11486905
11484934
11484861
11484853
11484761
11480464
11480410
11480398
11480317
11479646
11479631
11475086
11473805
11473804
11473774
11473759
11473166
11473165
11473164
11473161
11473160
11473156
11473153
11473149
11473148
11473147
11473141
11470957
11470024
11470015
11467407
11467299
11467221
11467180
11464917
11464720
11464628
11464533
11461852
11461824
11461686
11461667
11461649
11458900
11458896
11458833
11458783
11458772
11458626
11458614
11458589
11456588
11455893
11452719
11452706
11452676
11452651
11452643
11452618
11452614
11452592
11452520
11452492
11452381
11450221
11450065
11449902
11447256
11447229
11447223
11447004
11446924
11445577
11445564
11445562
11445558
11445535
11445516
11445385
11445256
11444196
11444187
11444164
11444160
11444158
11444153
11442982
11442465
11439053
11439048
11439042
11438954
11438863
11437193
11437155
11437099
11437077
11437024
11436953
11436917
11436904
11436863
11436835
11436821
11436807
11436801
11436758
11436687
11436650
11427681
11427561
11424631
11422498
11420241
11415492
11413393
11413187
11413185
11413068
11412986
11411133
11411063
11411054
11410958
11410931
11410832
11410803
11408700
11408643
11408588
11408526
11408514
11408498
11405918
11405891
11405836
11405780
11405764
11405680
11405053
11405052
11405048
11405044
11405043
11405039
11405038
11405033
11405031
11405029
11402979
11401929
11401901
11399433
11399336
11399302
11399249
11393467
11393459
11393454
11393421
11393358
11393128
11393072
11392935
11392933
11391069
